1000
30493708449545586422661932477248508821927224614101290158133455787051821428
4937084495455864226619324772485088219272
493708449545586422661932477248508821927224614
937084495455864226619324772485088219272246141012901581334557870518214287625146023868640429
370844954558642266193247
7084495455864226619324772485088219272246141012901581334557
84495455864226619324772485088219272246141012901581334557870518214287625146023868
84495455864226619324772485088219272246141012901581334557870
4495455864226619324772485
49545
9545586422661932477248508821927224614101290158133455787051821428762514602386864042956983392162784816
5455864226619324772485088219272246141012901581334557870518214287625146023868
455864226619324772485088219272246141012901581
558642
58642266193247724850882192722461410129015813345578705182142876251460238686404295698339
86422661932477248508821927224
642266193247724850882192722461410129015813345578705182142876251460238686404295698339216
422661932477248508821927224614101290158133455
2266193247724850882192722461410129015813345
266193247724850882192722461410129015813345578705182142876251460
66193247724850882
61932477248508821
193247724850882192722461410129015813345578
9324772485088219272246141012901581334557870518214287625146023868640429569833921627848169264279072951
3247724850882192722461410129015813345578705182142876251460238686404295698339216278481692642790
24772485088219272246141
47724850882192722461410129015813345
772485088219272246141012901581334557870518214287625146023868640429569833921627
7248508821927224614101290158133455787051821428762514602386864042956983392162784816926427
2485088219272246141012901581334557870518214287625146023868640429569833921
4850882192722461410129015
850882192
508821927224614101290158133455787051821428762514602386864042956983392162784816926427907295137843
8821927224614101290158133455787051821428762514602386864042956983392162
8821927224614101290
82192722461410129015813345578705182142876251460238686404295698339216278481692642790729513
2192722461410
1927224614101290158133455787051821428762514602386864042956983392162784816926427907
9272246141
2722461410129015813345578705182142876251460
7224614101290158133455787051
22461410129015813345578705182142876251460238686404295
246141012901581334557870518214287625146023868640429569833921627
461410129015813345578705182142876251460238686
6141012901581334557870518214287625146
1410129015813345578705
41012901581334557870518214287625146
10129015813345578705182142876251460238686404295698339216278481
1290158133
12901581334557870518214287625146023868640429569833921627848169
290158133455787051821428762514602
901581334557870518214287625146023868640429569833921627848169264279072951378432759076650455
1581334557
1581334557870518214287
58133455787051821428762514
81334557870518214287625146023868640429569833921627848169264279072951378432759076650455840
1334557870518214287625146023868640429569833921627848169264279072951378432759076650
33455787051821
3455787051821428762514602386864042956983392162784816926427907295137843275907665045584078976449
45578
5578705182142876
5787051821428762514602386864042956983392162784
787051821428762514602386864042956983392162784816
870518214287625146023868640429569833921627848169264279072951378432759
7051821428762514602386864042956983392162784816926427907295137843275907665045584078976449
51821428762514602386864042956983392162784816926427
5182142876251460238686404295698339216278481692642790729513784327590766504558
182142876251460238686404295698339216278481692642790729513784327590766504
821428762514602386864042956983392162784816926427907295137843275907665045584078976449604368246537633
214287625146023868640429569833921627848169264279072951378432759076650455840789764496043682465
14287625146023868640429569833921
4287625146023868640429569
2876251460238686404295698339216278481692642
8762514602386864042
7625146023868640429569833921627848169264279072951378432759076650455840789764496043682465
6251460238686404295698339216278481692642790729513784327590766504558
2514602386864
514602386864042956983392162784816926
14602386864042956983392162784816
46023868640429569833921627848169264279072951378432759076650455840789764496043682465376339015654
602386864042956983392162784
23868640429569833921
238686404295698339216278481692642790729513784327590766504558407
38686404295698
868640429569833921627848169264279072951378432759076650455840789764496
686404295698339216278481692642790729513784327590766504558407897644960436824653763390156
8640429569833921627
640429569833921627848169264279072951378432759076650455840
404295698339216
9
42956983392162784816926427907295137843275907665045584078976449604368246537633901565440019084494
295698339216278481692642790729513
95698339216278481692
569833921627848169264279072951378432
698339216278481692642790729513784327590766504558407897644
9833921627848169264279072951378432759076
833921627848169264279072951378432759076650455840789764496043682465376339015654400190844946309169667
33921627848169
392162784816926427907295137843275907665045584078976449604368246537633901565440019084
9216278481692642790729513784327590766504
21627848169264279072951
1627848169264279072951378432759076650455840789764496043682465376339015654400190844
627848169264279072951378432759076650455840789764496043682465376339015654400190844946309
278481692642790729513784327590766504558407897644960436824653763390156544001908449463091696671
78481692642790729513784327590766504558407897644960436824653763390156
848169264279072951378432759076650455840
48169
816926427
169264279072
69264279072951378432759076650455840789764496043682465376339015654400190844946
9264279072
2642790729513784327590766504558407897644960
6427907
42790
2790729513784327590766504558407897644960436
7907295137843275907665045584
90729513784327590766504558407897644960436824653763
7295137843
7295137843275907665045584078976449604368246537633901565440019084494630916966711303126551
2951378432759
951378432759076650455840789764496043682465376339015654400190
513784327590766504558407897644960436824653763390156544001908449463
137843275907
37843275907665045584078976449604368246537633901565440019084494630916966711
784327590766504558407897644960436824653763390156
84327590766504558407897644960
432759076650455840789764496043682465376339015
327590766504558407897644960436824653763390156544001908449463091696671130312655161982
27590766504558407897644960436824653763390156544001908449463091696671130312655161982
75907665
5907665045584078
907665045584078976449604368246537633901565440019084494630916966711303126551619826420715652
7665045584078976449604368246537633901565
76650455840789764496043682465376339015
665045584078976449604368246537633901565440019084494630916966711303126551619826420715652
6504558
50455840789764496043682465376339015654400190844946309169667113031265516198264207156524
9
455840789764496043682465376339015654400190844
558407897644960436824653763390156544
58407897644960436824653763390156544001908449463091696671130312655161982642071565243572
84078976449604368246537633901
40789
789764496043682465376339015654400190844946309169667113031265
78976449604368246537633901565440019084494630916966711303126551619826
89764496043682465376339015654400190844946309169667113031265
9764496043
764496043682465376
64496043682465376339015654400190844946309169667113031265516198264207156524357
44960436824653763390156544001908449463091696671130312655161982642
49604368246537633901565440019084494630916966711303126551619826420
96043682465376339015654400190844946309169667113031
604368246537633901565440019084494630916966711303126551619
43682465376339015654400190844946309169667113031265
436824653763390156544001908449463091696671130312655161982642071565243572841
36824653763390156544001908449463091696671130
682465376339015654400190844
8246537633901565440
246537633901565440019084494630916
46537
65376339015654400190844946309169667113031265516
5376339015654400190844946309169667113031265516198264207156524357284145688747
3763390156544001908449463091696671130312655161982642071565243572841456887478999602991222459139
763390156544001908449463091696671130312655161982
633901565440019084494630916
339015654400190844946309169667113031265516198264207156
3901565440019084494630916966711303126551619826420715652435728414568874789996029912224591393163
90156544001908449463091696671130312655161982642071565243572841456887478999602991
1565440019
15654400190844946309169667113031265516198264207156524357284145688747899960299122245913931634
5654400190844946309169667113031265516198264207
65440019084494630916966711303126551619826420715
54400190844946309169667113031265516198264207156524357284145688747899960299122245913931
4400190844946309169667113
40019084494630916966711303126551619
19084494630916966711303126551
190844946309169667113031265516
190844946309169667113031265516198264207156524357284145688747899960299122
90844946309169667113031265516198264207156524357284145688747899960299122245913931
9
84494630916966711303126551619826420715652435728414568874789
44946
494630916966711303126551619826420715652435728414568874789996029912224591393
9463091696671130312655161982642071565243572841456887478999602991222459139316343786458576759400924081
463091696671130
6309169667113031265516198264207156524357284145688747899960299122245913931634378645857675940092408
309169667113031265516198264207156524357284145688747899960299122245913931634378645857
91696671130312655161982642071565243572841456887478
916966711303126551619826420715652435728414568874789996029912224591393163437864585767594009
16966711303126551619826420715652435728414568874789996029912224591393163437864585767594009240
69667113031265516198264207156524357284145688747899960299122245913931634378645
9667113031
6671130
6711303126551619826420715652435728414568874789996029912224591393163437864585767594009240810886255
71130312
1130312655161982642071565243572841456887478999602991
13
303126551619826420715652435728414568874789996029912224
31265516198264207156
3126
126551619826420715652435728414568874789996029912224591393163437864585767
2655161982642071565243572841456887478999602
65516198264207156
551619826420715652435728414568874789996029912224591393163437864585767594009240810886255384328487
51619826420715652435728414
16
6198264207156524357284145688747899960299122245913931634378645857675
19826420715652435728414568874789996029912224591393163437864585
98264207156524357284145688747899960299122245913931
8264207156524357284
2642071565243572841456887478999602991222459
6420715652435728414568874789996029912224591393163437864585767594009
42071565243572841456887478999602991
20715652435728414568874
715652435728414568874789996029912224591393163437864585767594
7156524357284145688747899960
15652435728414568874789996029912224591393163437864585767594009240810886255384328487942928073
565243572841456887478999602991222459
6524357284145688747899960299122245913931634378645857675940092408108862553843284879429280735224330
5243572841456887478999602991222459139316343786458576759400924081088625538432
2435728414568874789996029912224591393163437
43572841456887478999602991222459139316343786458576759400924081088
3572841456887478999602991222459139
5728414568874789996029912224591393163437864585
7284145688747899960299122245913931634378645857675940092408108862553843284879429280735224
28414568874789996029912224591393163437864585767594009240810886255384328487942928073
8414568874789996029912224591393163437864585767594009240810886255384328487942928
414568874789996029912224591393163437864585767594009240810886255384328487942
14568874789996029912224591393163437864585767594009240810886255384328487942928073522433006259
45688747899960299122245913931634378645857675940092408108862553843284879429280735224330062599929
5688747899960299122245913931634378645857675940
688747899960299122245913931634378645857675940092408108862
887478999602991222459139316343786458576
87478999602991222459139316343786458576759400924081088625538
747899960299122245913931634378645857675940092408108862553843284879429280735224
4789996029912224591393163
78999602991222459139316343786458576759
899960299
99960299122245913931634378645857675940092408108862553843284879429280735224330062
99602991222459139316
9602991222
6029912
299122245913931634378645857675940092408108862553843284879429280735224330062599929852091876
299122245913931634378645857675940
9912224591
91222459139316343786458576759400924081088625538432848794292807352243300625999298
12
22245913931634378645857
224
245913931634378645857675940092408108862553843284879429280735224330062599929852091876884004373
4591393163437864585767594
5913931634378645857675940092408108862553843284
9139316343786458576759400924081088625538
13931634378645857675940092408108862553843284879429280735224330
39316343786458576759400924081088625538432848794292807352243300625999298520
931634378645857675940092408108862553843284879429280735224330
316343786458576759400924081088625538432848794292807352243300625999298520918768840043
1634378645857675940092
6343786458576759400924081088625538432848794292807352243300625999298
3437
437864585767594009240810886255384328487942928
3786458576759400924081088625538432848794292807352243300625999298520918768840043736671166565704
78645857
8645857675940092408
64585767594009240
45857
5857675940092408108862553843284879429280735224
857675940092408108862553843284879429280
576759400924081088625538432848794292
7675940092408108862553843284879429280735224330062599929852
675940092408108862553843284879429280735224330062599929852091876884004373667116656570409
7594009240810886255384328487
5940092408108862553843284879429280735224330062
9400924081088625538432848794292807352243300625999298520918768840043736671166565704096860726441505801
400924081088625538432848794292807352243300625999298520918768840043736671166
92408108862553843284879429280
9240810886255384328487942928073522433006259992985209187688400437366711
9240810886255384328487942928073522433006259992985209187688400437366711
2408108862553843284879429280735224330062599929852091876884004373667116656
4081088625538432848794292
8108862553843284879429280735224330062599
8108862553843284879429280735224330062599929852091876884004373667116656570409686
1088625538432848794292807352243300625999298520918768840043736671166565704096860726
88625538432848794292
886255384328487942928073522433006259992985209187688400437366711665657
86255384328487942928073522433
62553843284879429280735224330062599929852091876884004373667116656570409686072
255384328487942928073522433006259992985209187688400437366711665
5538432848794292807352243300625999298520918768840043736671166565704096860726
538432848794292807352243300625999298520918768840043736671166565704
384328487942928073522433
843284879429280735224330062599929852091876884004373667116656570409686072644150580155597309108427506
432848794292807352243300625999298520918768840
3284879429280735224330062599929852
284
8487942928073522433
48794
8794292807352243300
794292807352243300625999298520918768840043736671
942928073522433006259992985209
42928073522433006259992985209187688400437366711665657040968607264415058015559730910842750626307
2928073522433006259992985209187688400437366
928073522433006259992985209187688400437366711665657040968607264415058015559730910842750626
280735224330062599929852091876884004373667116656570409686072644150580155597309108427506263071
8073522433006259992985209187688400437366711665657
7352243300625999298520918768840043736671166565704096860726441505801555
7352243300625999298520918768
35224330062599929852091876884004373667116656570409686072644150580155597309
522433006259992985209187688400437366711665657040968607264415058015
2243300625999298520918768840043736671166565
24330062599929852091876
4330062599929852091876884004373667116656570409686072644150580155597309108427506263071
33006259992985
3006259992985209187688400437366711665657040968607264415058015559
6259992985209187688400437366711665657040968607264
6259992985209187688400437366711665657040968607264415058015559730910842
625999298520918768840043736671166565704096860726441505801
2599929852091876884004373667116656570409686072644150580155597309108427506
59992985209187688400437366711665657040968607264415058015
9992985209187688400437366711665657040968607264415058015559730910842750626307104405781349417842640880
9929852091876884004373667116656570409686072644150580155597309108427506
929852091876884004373667116656570409686072644150580155597309
29852091876884004373667116656570409686072644150580155
9852091876884004373667116656570409686072
8520918768840043736671166565704096860726441505801555973091084275062630710440578
5209187688400437366711665657040968607264415058015559730910842750626307104405
2091876884004373667116656570409686072644150580155597309108427506263071044
9187688400437366711665657040968607264415058015559730910842750626307104
9187688400437366711665657040968607264415058015559730910842750626307104405781349417842640880051910188
18
876884004
76884004
68840043736671166565704096860726441505801555973091084275062630710440578134941
8840043736671166565704096860726441505801555973091
84004373667116656570409686072644150580155597309108427506263071044057813494178426408800519
40043736671166565704096860726441505
9
437366711665657040968607264415058015559730910842750626307104405781349417842640880051910188
43736671166565704096860726441505801555973091084275062630710440578
373667116656570409686072644150580155597309108427506263
7366711665657040968607264415058015559730910842750626307104405781349417842640880051910188
3667116656570409686072644150580155597309108427506263071044057813494178426408800519101886615247
66711665657040968
6711665657040968607264415058015559730910842750626307104405781349417842640880051910188661524794271
7116656570409686072644150580155597309108427506263071044057813494178426408800519101886615
1166565704096860726441505801555973091084275062630710
16656570409686072644150580155597309108427506263071044057813494178426408800519101886615247942
665657040968607264415058015559730910842750626307104405781
65657040968607264
5657040968607264
65704096860726441505801555973091084275062630710440578134941784264088005191018
57040968607264415058015559
704096860726441505801555973091084275062630710440
40968607264415058015559730910842750626307104405781349417842640880051910188661524
40968
9686072644150580155597309108427506263071044057813494178426408800519101
968607264415058015559730910842750626307104405781349417842640
6860726441505801555973091084275062630710440578134941784264088005191
86072644150580155597309108427506263071044057813494178426408
6072644150580155597309108427506263071044057813494178426408800519101
726441505801555973091084275062630710440578134941784264088005
726441505801555973
26441505801555973091084
64415058015559730910842750626307104405781349417
4415058015559730910842750
41505801555973091084275062630710440578134941784264088005191018866152479427197366250211840471694
1505801555973091084275062630710440578134941784264088
5058015559730910842750626307104405781349417842640880051910188661524794271973
58015559730910842750
5801555973091084275062630710440578134941784264088005191018866152479427197366
801555973091084275062630710440578134941
15559730910842750626
15559730910842750626307104405781
555973
5597309108427506263071044057813494178426408800519101886615247942719736625021
59730910842750626307104405781349417842640880051910188661
97309108427506263071044057813494178426408800519101
7309108427506263071044057813494178426408800519101886615247
30910842750626307104405781349417842640880051
910842750626307104405781349417842640880051910188661524794271973662502118404716949714698901
910842750626307104405781349417842640880051910188661524794271973662502118404716949714698901
10
84275062630710440578
842750626307104405781349417842640880051910188661524794271973662502118404716949714698901187052388345
4275062630710440578134941784264088005191018866152479427197366250211840471694971469890
27506263071044057813494178426408800519101886615247942
75062630710440578134941784264088005191018866152479427197366250211840
5062630710440578
62630710440578134941784264088005191018866152479427197366250211840471694971469890
62630710440578134941784264088005191018866152479
26307104405781349417842640880051910188661524794271973662502118404716949714698901187
63071044057813494
307104405781349417842640
7104405781349417842640880051910188661524794271973662502118404716949714
7104405781349417842640880051
104405781349417842640880051910188661524794271973662502118404716949714698
4405781349417842640880051910188661524794
4405781349417842640880051910188661524794271973662502118404716949714698901187052388345
4057813494178426408800519101886615247942719736625021184047169497146989011870523883453
9
5781349417842640
781349417842640880
813494178426408800519101886615247942719736625021184047169497146989011870523883453340571290238543309
13494178426408800519101886615247
34941784264088005191018866152479427197366250211840471694971469890118705238
4941784264088005191018866
941784264088005191018866152479
417842640880051910188661524794271973662502118404716949714698901187052388345
17
784264088005191018866152479427197366250211840471
842640880051910188661524794271973662502118404716949714698901187052388345334057129023854330998746406
42640880051910188661524794271973662502118404716949714698901187052388345334057129023854330998746
2640880051910188661524794271973662502118404
64088005191018866
40880051910188661524794271973662502118404716949714698901187052388
8800519101886615247942719736625021184047
880051910188661524794271973662502118404716949714698901187052388345334057129023854330998746406564253
800519101886615247942719736625021184047
51910188661524794271973662502118404716949714698901187052388345334057129023854330998746406
5191018866152479427197366250211840471694
519101886615247942719736625021184047169497146989011870523883453340
19101886615247942719736625021184047169497146989011870523883453340571290238543309987464065642
9101886615247942719736625021184047169497146989011870523883453340571290
10188661524794271973662502118404716949714698901187052388345334057129023854330998746406564253
18866152479427197366250211840471694971469890118705
1886615247942719736625021184047169497146989011870523
88661524794271973662502118404716949714698901187052388345334
8661524794271973662502118404716949714698901187052388345334057129023854330998746
66152479427197366250211840471694971469890118705
615247942719736625021184047169497146989011870523883453340571290238543309987464065642534
152479427197
524794
24794271973662502118404716949714698901187052388345334
47942719736625021184047169497146989011870523883453340571290238543309987464065642534499078595825
794271973662502118404716949714698901187052388345334057129023854330998746406564
942719736625021184047169497146989011870523883453340571290238
42719
271973662502118404716949714698901187052388345334057129023854330
719736625021184047169497146989011870523883453340571290238543309987464065642534
19736625021184047169497146989011
973662502118404716949714698901187052388345334057129023854330998746406564253449907859582588
736625021184047169497146989011870523883453340571
36625021184047169497146989011870523883453340
662502118404716949714698901
625021184047169497146989011
250211840471694971469890118705238834533405712902385433099874640
5021184047169497146989011870523883453340571290238543309987464065642534499078
2118404716949714698901187052388345334057129023854330998746406564253449
2118404716949
11
18
8404716949714698901187052388345334057129023854330998746406564253449907859582588
40471694971469890118705238834533405712902385433099874640656425344990785958258824247425105118676
47169497146989011870523883453340571290238543309987464065642534499078595825882424
471694971469890118705238834533405712902385433
7169497146989011870523883453
1694971469890118705238
69497146989011870
949714698901187052388345334057129023854330998746406564253449907859582588242474251051186761
497146989011870523883453340571290238543309987
97146989011870523883
7146989011870523883453340571290238543309987464065642534499
14698901187052388345334057129023854330998746406564253449907859
4698901187052388345334057129023854330998746406564253449907859582588242474251051186761
698901187052388345334057129
98901187052388345334057129023854330998746406564253
8901187052388345334
90118705238834533405
1187052388345334057129023854330998746406
11870523883453340571290238543309987464065642534499078595825882424742510511867610263812578608
187052388345
870523883453340571290238543309987464065
7052388345334057129023854330998746406564253449907859582588242474251051186761026381257860
52388345334057129023854330998746406564253449907859
52388345334057129023854330
23883453340571290238543309987464065642534499078595825882424742510511867610263812578
3883453340571290238543309987464065642534499078595825882424742510
8834533405712902385433099874640656425344990785958258824247425105118676102638125
834533405712902385433099874640656425344
34533405712902
453340571290238543309987464065642534499078595825882424742510511867610263812
533405712902385433099874640656425344
3340571290238543309987464065642534499078595825882424742510511867
3405712902385433099874640656425344
4057129023854330998746406
57129023854330998746
571290238543309987464065642534499078595825882424742510511867610263812578608871480590871163895184
712902385433099874
12902385433099874640656425344990
290238543309987464065642534499078
9023854330998746406564253449907859582588242474251051186761026381257860
23854330998746406564
2385433099874
3854330998746406564253449907859582
8543309987464065642
543309987464065642534499078595825882424742510511867610263812578608871480590871163895184410682604
43309987464065642534499078595825882424742510511867610263812578608871480590871163895184410682604
3309987464065642534499078595825882424742510511867610263812578608871480590871163895184410682604
309987464065642534499078
9
99874640656425344990785958258824247425105118676102638125786088714805908711638951
9874640656425344990785958258824247425105
87464065642534499078595825882424742510511867610263812578608
74640656425344990785958258824247425105118676102638125786088714805908
4640656425344990785958258
640656425344990785958258824247425105118676102638125786088714805908711638951844106826049
406564253449907859582588242474251051186761026
656425344990785958258824247425
65642534499078595825882424742510511867610263812
564253449907859582588242474251051186
642534499078595825882424742510511867610263812578608871480
425344990785958258824247425105118676102638125
253449907859582588242474251051186761026381257860887148059087116389518441068260499162310903002
534499078595825882424742510511867610
34499078595825882424742510511867610263812578608871480590871163895184410682
44990785958258824247425105118676102
49907859582588242474251051186761026381257860887148059087116389518
9907859582
907859582588242474251051186761026381257860887148059087116389518441068260499162310903002797
785958258824247425105118676102638125786088714805908711638951
785958258824247425105118676102638125786088714805
85958258824247425105118676102638125786088714805908711638951844106826049916231090300279780
595825
95825882424742510511867610263812578608871480590871163895184410682604991623109030
58258824247425105118676102638125786088714805908711638951844106826049916231090300279780
8258824247425105118676102638125786088714805908711
25882424742510511867610
58824247425105118676102638125786088714805908711638951844
882424742510511867610263812578608871480590871163895184410682604991623
8242474251051186761026381257860887148059087116389
242474251051186761026381257860887
424742510511867
24742510511867610263812578608871480590871163895184410
4742510511867610263812578
742510511867610263812578608871480590871163895184
425105118676102638125786088714805908711638951
2510511867610263812578608871480590871163895
51051186761026381257860887148059087116389518441068260499162310903002797802028440651099
105118676102
5118676102638125786088714805908711638951844106826049916231090300279780
5118676102638125786088714805908711638951844106
118676102638
186761026381
867610263812578608871480590871163895184410682604991623109030027978020
676102638125786088714805908711638951844106826049916231090
761026381257860887
610263812578608871480590871
10263812578608871480590871163895184410682604991623109030027978
263812578608871480590871163895
263812578608871480590871163895184410682604991623109030027978020
6381257
3812578608871480590871163895184410682604991623109030027978020284406510992971542792888346073163
812578608871480590871163895184410682604
1257860887148059087116
25786088714805908711638
5786088714805908711638951844106826049916231090300279780202844065109929715427
786088714805908711638951844106826049916231090300
860887148059087116389518441068260499162
60887148059087116389518441068260499162310903002797802028440651099297154279288
8871480590871163895184410682604991623109030027978020284406510992971542
887148059087116389518441068260499162310903002797802028440651099297154
8714805908711638951844106826049916231090300279780
7148059087116389518441068260499162310903002797802028440651099297154279288834607316375088
148059087116389518441068260499162310903002797802028440651099297154279288
48059087116389518441068260499162310903002797802028440651099297154
805908711
590871163895184410682604991623109030027978020284406510992971
5908711638951844
90871163895184410682604991623109030027978020284406510992971542792888346073163750
8711638951844106826049916231090300279780202844065109929715427928883460
8711638951844106826049916231090300279780202844065
7116389518441068260499162310903002797802028440651099297154
116389518441
163895184410682604991623109030027978020284406510992971542792888346073163
63895184410682604991623109030027978020284406510
3895184410682604991623109030027978
895184410
9518441068260499162310903002797802028440
5184410682604991623109030027978020284406510992971542792888346073163750887574
1844106826049916231090300279780202844065109929715427
844106826049916231090300279780202844065
44106826049916231090300279780202844065109929715427928883460731637508875746021726732868978946600
4106826049916231090300279780202844065109929715427928883
10
6826049916231090300279780202844065109929715427928883460731637508875746
682604991623109030027978020284406510992971542792888346073
8260499162310903002797802028440651099297154279288
260499162310903002797802028440651
604991623109030027978020284406510992971542792888346073163
4991623109030027978020284406510992971542
4991623109030027978020284
991623109030027978020284406510992971542792888346073163750887574602172673286897894660092676
9162310903
1623109030027978020284406510992971542792888346073163
62310903002797802028440651099297154279288834607
2310903002797
3109030027978020284406510992971542
10903002797802028440651099297154
903002797802028440651099297154279288834607316375088757460217
903002797802028440651099297154279288834607316375088757460217267328689789466009267616961390
30027978020284406510992971542792888346073163750887
300279780202844065109929715427928883460731637508875746
2797802028440651099297154279288834607316375088757
2797802028440651099297154279288834607316375088757460217267328689789466
279
79780202844065109929715427928883460731637508875746021726732868978946600926761696139059565415538231
9780202844065109929715427928883460731637508875746021726732868978946600
780202844065109929715427928883460731637508875746021726732868978946600926761696
802028440651099297154279288834607316375088757460217267328689789466009
202844065109929715427928883460731637508875746021726732868978946600926761696139059565415538
2028440651099297154279288834607316375088757460217267328689789466009267616
284406510992971542792888346073163750887574602172673286897894660092676169613905956541553823
284406510992971542792888346073163750887574602172673286897894660
8440651099297154279288834607316375088757460217267328689789466009267616961390595
4406510992971542792888346
4065109929715427928883460
65109929715427928883
651099297154279288834607316375088757460217267328689789466
5109929715427928
1099297154279288834607
9
992971542792888346073163750887574602172673286897894660092676169613905956541553823177931365
9297154279288834607316375088757460217267328689789466009267616961390595
297
971542792888346073163750887574602172673286897894660092676169
71542792
1542792888346073163750
54279288834607316375088757460217267328689789466009267616
4279288834607316375088757460217267328689789466009267616
27928883460731637508875746021726732868978946600926761
79288834607316375088757460217267328689789466009267616961390595654155382317793136564289435572201478
9288834607316375088757460217267328689789
28883460731637508875746021726732868978946600926761696139059565415538231779313656428
88834607316375088757460217267328689789466009267616961390595
88346073163750887574602172673286897894660092676169613905956
8346073163750887574602172673286897894660092676169613905956541553823177931365642
3460
46073
6073163750887574602172673286897894660092676169613905956541553823177931365642894355722014781350149
73163750887574602172673286897894660092676169613905
73163750
31637508875746021726732868978946600926761696139059565415538231779313656428
16375088757460217267328689789466
6375088
37508875746021726732868978946600926761696139059565415538231779313656428943
75088757
508875746021726732868978946600926761696139059565415538231779313656428943557220147813501493809450
88757460217267328689789466009267616961390595654155
887574602172673286897894660092676169613905956541553823177931365642894
875746021726732868978946600926761696139059565415538231779313656428943
75746021726732868978946600926761696139
5746021726732868978946600926761696139059565415
74602172673286897894660092676169613905956541553823177931365642894355
460217267328689
602172673286897894660092676169613905956541553823177931365642894355722014781350149380945
9
217267328689789466009267616961390595654155382317793136564289435572201478135014938094501084794
1726732868978946600926
7267328689789466009267616961390595654155382317793136564289435572201478135014938094501084
267328689789466009267616961390595
673286897894660092676169613
7328689789466009267616961390595654155382317793136564289435
328689789466009267616961
2868978946600926761696139059565415538231779
868978946
689789466009267616961390595654155382317793136564289435572
8978946600926761696
9789466009267616961390595654155382317793136564289435572201478135014938
7894660092676169613905956541553823177931365642894355722014781350149380945010847942817687
894660092676169613905956541553823177931365642894355722014781350149380945010847942817687572171293360
946600926761696139059565415538231779313656428943557220147813
46600
6600926761696139059565415538231779313656428943557220147813501493809450108479428176875721712933601
60092676169613905
9267616961390595654
926761696139059565415538231779
9267616961390595654155382317793136564289435572201478135014938094501084
26761696139059565415538231779313656428943557220147813501493809450108479428176875721
6761696139059565415538231779313656428
761696139059565415538231779313656428943557220147
6169613
16961390595654155382317793136564
696139059565415538231779313656428943557220147813501493809
961390595654155382317793136564289435572201478135014938094501084794281768757217129336016581
6139059565415538231779313656428943557220147813501493809450108479428176875721712933601658145522451
1390595654155382317793136564289435572201478135014938
3905956541553823177931365642894355722014781350149380945010847942817687572171293360165814552245
9059565415538231779313656428943557220147
5956541553823177931365642894355722014781350149380945010847942817687572
595654155382317793136564289435572201478135014938094501084794281768
95654155382317793136
565415
6541553
54155382317793136564289435
41553
155382317793136564289435572201478135014938094501084794281768757217129336
553823177931365642894355722014781350
5382317793136564
3823177931365642894355722014781350
8231779313656428943557220147813501493809450108479
23177931365642894355722014781350149380945010847942817687572171293360165814552245181
3177
1779313656428943557220147813501493809450108479428176875721712933601658145522451810
7793136564289435572201478135014938094501084794281768757217
7931365642894355722014781350
931365642894355722014781350149
31365642894355722014781350149380945010847942
13656428943557220147813501493809450108479428176875721712933601
3656428943557220147813501493809450
656428943557220147813501493809450108479428176875721712933601658145522451810477004632803
564289435572201478135014938094501084794281768757217129336016581455224518104770046328037772482914
64289435572201478135014938094501084794281768757
4289435572201478135014938094501084794281768757217129336
28943557220147813501493
8943557220147813501493809450108479428176875721712933601658145522451810477004632
94355722014781350149380945010847942817687572171293360165814552245181047700463280
435572201478135
35572201478135014938094501084794281768757217129336016581455224518104770046
557220147813501493809450108479428176875721712933601658145522451810477004632803777248291473537538
5722014781350149
722014781350149380945010847942817687572171293360
22014781350149380945010847942817687572171293360165814552245181047700463280377724829
20147813501493809450108479428176875721712933601658145522451810477004632803777248291
14781350149380945010
14
4781350149380945010847942817687572171293360165814552245181047700463280377724829147353
78135014938094501084794281768757217129
813501493809450108479428176875721712933601658145522451810477004632803
1350149380945010847942817687572171293360165814552245181047700463280377724829147353
3501493809450108479428176875721712933601658145522451810477004632
501493
14938094501084794281768757217129336016581455224518104770046328037772482914735375
1493809450108479428176875721712933601658145522451810
4938094501084794281768757
9380945010847942817687572171293360165814552245181047700463280377724829147353753829145872010914882727
38094501084794
8094501084794281768757217129336016581455224518104
94501084794281768757217129336016581455224518104770046328037772482914735375382914
945010847942817687572171293360165814552245181047700463280377
45010847942817687572171293360165814552245181047700463280377724829147353753829145872010914882727
501084794281768757217129336016581455224518104770046328037772482914
10847942817687572171
108479428176
8479428176875721712933601658145522451810
847942817687572171293360165814552245181047700463280377724829147353753829145872010914882727066637978
479428176875721712933601658145522451810477004632803777248291473537538291458
79428176875721712933601658145522451810477004632803777248291473537538291458720109148827270666379783
942817687572171293360165814552245181047700463280377724829147353753829145872010914882727066
428176875721712
281
8176875721712933601
1768757217129336016581455224518104770046328037772482
7687572171293360165814552245181047700463280377724829147353
6875721
875721712933601658145522451810477004632803777248291473537538291458720
757217129336016581
572171
72171293360165814552245181047700463280377724829147353753829145872010914882727066637978360460065015
21712933601658145522451
1712933601658145522451810477004632803777248291473537538291458720109148827270666379
7129336016581455224518104770
129336016581455224518104770046328037772482914735375382914587201091488272
293360165814552245181047700463280377724829147353753829145872010914882727066637978360460065015
93360165814552245181047700463280377724829147353753
33601658145522451810477004632803777248291473537538291458720109148827270666
360165814552245181047700
6016581
165814552245181047700463280377724829147353753829145872010914
1658145522451810477004632803777248291473537538291458720109148827270666379783604600
6581455
58145522451810477004632803777248291473537538291458720109
814552245
1455224518104770046328037772482914735375382914587201
45522451810477004632803777248291473537538291458720109148827270666
552245181047700463280377724829147353
522451810477004632803777248291473537
2245181047700
24518104770046328037772482914735375382914587201091488
45181047700463280377724829147353753
518104770046328037772482914735375382
18104770046328037772482914735375382914587201091488272706663797836046006501556717454210982990
8104770046328037772
104770046328037772482914735375382914587201091488272706663797836046006501
47700463280377724829147353753829145872010914882727
4770046328037772482914735375382914587201091488272706663
77004632
700463280377724829147353753829145872010914882727
9
46328037772482914735
463280377724829
632803777248291473537538291458720109148827270666379783604
328037772482914735375382
2803777248291473537538291458720109148827270666379783604600650155671745421
80377724829147353753829145872010914882727066637978360460065
377724829147353753829145872010
3777248291473537538291458720109148827270666379783604600650155671745421098299067595219749860648
77724829147353753829145872010914882727066637978360460065015567174542109829906759521974986064825361
77248291473537538291458720109148827270
724829147353753829145872010914882727066637978360460065015567174542109829906759
2482914735375
4829147353753829145872010914882727066637978360460065015
829147353753829145872010914882727066637978360460065015567174542109829906759521974986064825361093147
29147353753829145872010914882727066637978360460065015567174542109829906759521974986
914735375382914587201091488272706663797836046006501556717454210982990675952197498606482536
147353753829145872010914882727066637978360
4735375382914587201091488
73537538291458720109148827270666379783604600650155671745421098299067
35375382914587201091488272706663797836046006501556717454210982990675952197
53753829145872010914882727066637978360460065015567174542109829906759521974986064825361
37538291458720109148827270666379783604600650155671745421098299067595219749
753829145872010914882727066637978360460065015567
5382914587201091
38291458720109
82914587201091488272706663797
29145872010914882727066637978360460065015567174542109829906759521974986064825361093
9145872010
145872010914882727066637978360460065015567174542109829906759521974986064
4587201091488272706663797
5872010914882727
87201091488272706663797836046006501556717454210982990675952
720109148827270666
20109148827270666379783604600650155671745421098299067
109148827270666379783604600650
1091488272706663797836046006501556717454210982990675
91488272706663797836
9148827270666379783604600650155671745421
148827270666
4882727066637978360460065015567174542109829906759521974986064825361093147822490677296
882727066
827270666379783604600650155671745421098299067595219749860648253610931
272
7270666379783604600650155671
270666379783604600650155671745421098299067595219749860648253610
70666379
66637978360460065015
666379783604600650155671745
66379783604600650155671745421098299067595219749
637978360460065015567174542109829906759521974986064825361093147822490677296653011602958
37978360460065
79783604600650155671745421098299067595
97836046006501556717454210982990675952197498606482536109314782249067729665301160
783604600650155671745421098299067595219749860648253610931478224906772966530116
83604600650155671745421098299067595219749860648253610931478224906772966530116029580554538
3604600650155671745421098299067595219749860648253610931478224906772966530116029580554538570031
604600650155671745421098299067595219749860648253610931478
46006501556717454210
460065015567174542109829906759521974986064825
600650155671745421098299067595219749860648253610931478224
650155671745421098299067595219749860648
65015567174542109829906759521974986064825361093147822490677296653011602958055453
650155671745421098299067595
50155671745421098299067595219749860648253610931478224906772966530116029580554538570031
1556717454210982990675952197498606482536
1556717454210982990675952197498606482536109314782249
556717454210982990675952197498606482
5671745421098299067595219749860648253610931478224906772966530116029580554538
6717454210982990675952197498606482536109314782249067729665301160295
7174542109829906759521974986
1745421098299067595219749860648253610931478224906772966530116029580554538570031331
74542109829906759521974986064825361093
4542109829906759521974986064825361093147822490677296653
5421098299067595219749860648253610931478224906
421098299067595219749860648253610931478224906772966530116029580554538570031
210
10
9
982990675952197498606482536109
829906759521974986064825361093147822490677296653011602958055453857003133132034205550656360922279444
2990675952197
990675952197498606482536109314782249067729665301160295805545385700313313203420555065636092
90675952197498606482536109314782249067729665301160295805545385700313313203420555
675952197498606482536109314782249067729665301160295805545385700313313203420555065636092227
67595219749860648253610931478224906772966530116
7595219749860648253610931478
5952197498606482
9521974986
5219749860648253610931478224906772966530116029
2197498606482536109314782249067729665301160295805545385700313313203420555
1974986064825361093147822490677296653011602958055453
97498606482536109314782249067729665301160295805545385700313313203420555065636092
7498606482536109314782249067
4986064825361093147822490677296653011602958055453857003133132034205550656360922279444
986064825361093147822490677296653011602958055453857003133132034205550656360922279444399298
8606482536109314782
60648253610931478
64825361093147822490
648253610931478224906772966
482536109314782
82536109314782249067729665301160295805545385700313313203420555065636092227944439929845808
253610931478224906772966530116029580554538570031331320342055506563609222794443992984580825209
536109
3610
6109314
1093147822490677296653011602958055453857003133132034
93147822490677296653011602958055453857003133132034
931478224906772966530116029580554538570031331320342055506563609222794443992984580825209717
314782249067729665301160295805545385700313313203420555
147822490677296653011602958055453857003133132034205550656360922279444399
47822
782249067729665301160295805545385700313313203420555065636092227944439929845808
822490677
224906772966530116029580554538570031331320342055506563609222794443992984580825209717565560689
24906772966530116029580554538570031331320342055506563609222794443992984580825209717
49067729665301160295805545385700313
906772966530116029580554538570031331320342055506563609222794443992984580825209717565560689
9
6772966530116029580554538570031331320
772966530116029580554538570031331320342055506563
7296653011602958055453857003133132034205550656360922279444399298458082520971756556068952
29665301160295805545385700313313203420555065636092227
96653011602958055453
66530116029580554538570031331320342055506563609222794443992984580825209717565
6530116029580554538570031331320342055
530116029580554538570031331320342055506563609222794443992984580825
30116029580554538570031331320342055506563609222794443992984580825209717565
116029580554538570031331320342
1160295805545385700313313203420555065636092227944439
16029580554538570031331320342055506563609222794443992984580825209717565560689524271404992966
6029580554538570031331320342055506563609222794443992984580825209717565560689524271404992966930998
2958055453857003133132034205550656360922279444399298458082520971756556
2958055453857003133132034205550656360922279
95805545385700313313203420555065636092227944439929
58055453857003133132034205550656360922279444399298458082520971756556068952427140499296
805545385700313313203420555065636092227944439929845808252097175655606895242714049929669309987178185
554538570031331320342055506563
554538570031331320342055506563609222
54538570031331320342055506
4538570031331320342055506
53857003133132034205550656360922279444399298458082520971
38570031331320342055506563609222794443992984
857003133
57003133132034205550656360
700313313203420555
3133132034205550656360922279444399298458082520971
3133132034205550656360922279444399298458
31331320342055506563609222794443992984580825209717565560689524271404992966
1331320342055506563609222794443992984580825209717565
331320342055506563609222794443992984580825209717565560
313203420555065636092227944439929845808252097175655606895242714049929669309987178185
1320342055506563609222794443992984580825209717565560
3203
2034205550656360922279444399298458082520971
342055506563609222794443992984
3420555065636092227944439929845808252097175655606895242714049929669309987178185139999595504620
4205550656360922279444399
2055506563609
55506563609222794443
5550656360922279444399298458082520971756556068
550656360922279444399298458082520971756556068952427140499296693099
50656360922279444399298458082520971756556068952427140499
6563609222794443992984580825209717565560689524271404992966930998717818
656360922279444399298458082520971756556068952427140499296693099871781851399995955046203
563609
63609222794443992984580825209717565560689524271404992966930998717818513999959
360922279444399298458082520971756556068952427140499296693099871781851399995955046203
60922279444399298
92227944439929845808
92227944439929845808252097175655606895242714049929669309987178185139999595504620
2227944439929845808252097175655606895242714
22794443992984580825209717565560689524271404992966930
2794443992984580825209717565560689524271404
79444399298458082520971756556068952427
944439929845808252097175655606
444399298458082
44399298458082520971756556068952427140499296693099871781851399995
4399298458082520971756556068952427140499296693099871781
3992984580825209717565560689524271404992966930998717818513999959550462037553810257611272178075
992984580825209717565560689524271404992966930998717818513999
929845808252097175655606895242
29845808252097175655606895242714049929669309987178185139999595504620375538102576112
9845808252097175655606895242714049929669309987178185139999595504620375
845808252097175655606895242714049929669309987178185139999595504620375
458082520971756556068952427140499296693099871
58082520971756556068952427140499296693099871781851399995
808252097175655606895242714049929669309987178185139999595504620375538102576112721780755170141727029
82520971756556068952427140499296693099871781851399995955046203755381025761127217
82520971756556068952427140499296693099871781851399995955046203755381025761127217807551701
2520971756556068952427140499296693099871781851399995955046203755381025761
5209717565560689524271404992966930998717818513999959550462037553810257611272
209717565560689524271404992966930
97175655606895242714049929669309987178185139999595
97175655606895242714
717565560689524271404992966930998717818513999959
17565560689524271404992966930998717818513999959550462037553810
7565560689524271404992966930
565560689524271404992966930998717818513999959550462037553810257611
6556068952427140499296693099871781851
5560689524271404
56068952427140499296693099
6068952427140499296693099871781851399995955046203755381025761127217
6895242714049929669309987178185139999595504620375538102576112721780755
6895242714049929669309987178185139999595504620375538102576112721780
895242714049929669309987178185139999595504620375538102576112721780755170141727029206853961940289692
95242714049929669309
52427140499296693099871781851399995955046203755381025761127217807551701417270292068539
24271404992966930998717818513999959550462037553810257611272178075517014172702920685
427140499296693099871781851399995955046203755381025761127217807551701417270
271404992966930998717818513999959
714049929669309987
1404992966930998717818
