1
80 80
00100000000010000000001000000000100000000010000000001000000000100000000010000000
00000000000000000000000000000000000000000000000000000000000000000000000000000000
00000000000000000000000000000000000000000000000000000000000000000000000000000000
00000100000000010000000001000000000100000000010000000001000000000100000000010000
00000000000000000000000000000000000000000000000000000000000000000000000000000000
00000000000000000000000000000000000000000000000000000000000000000000000000000000
00000000000000000000000000000000000000000000000000000000000000000000000000000000
00000000000000000000000000000000000000000000000000000000000000000000000000000000
00100000100010000010001000001000100000100010000010001000001000100000100010000010
00000000100000000010000000001000000000100000000010000000001000000000100000000010
00100000000010000000001000000000100000000010000000001000000000100000000010000000
00000000000000000000000000000000000000000000000000000000000000000000000000000000
00000000000000000000000000000000000000000000000000000000000000000000000000000000
00000100000000010000000001000000000100000000010000000001000000000100000000010000
00000000000000000000000000000000000000000000000000000000000000000000000000000000
00000000000000000000000000000000000000000000000000000000000000000000000000000000
00000000000000000000000000000000000000000000000000000000000000000000000000000000
00000000000000000000000000000000000000000000000000000000000000000000000000000000
00100000100010000010001000001000100000100010000010001000001000100000100010000010
00000000100000000010000000001000000000100000000010000000001000000000100000000010
00100000000010000000001000000000100000000010000000001000000000100000000010000000
00000000000000000000000000000000000000000000000000000000000000000000000000000000
00000000000000000000000000000000000000000000000000000000000000000000000000000000
00000100000000010000000001000000000100000000010000000001000000000100000000010000
00000000000000000000000000000000000000000000000000000000000000000000000000000000
00000000000000000000000000000000000000000000000000000000000000000000000000000000
00000000000000000000000000000000000000000000000000000000000000000000000000000000
00000000000000000000000000000000000000000000000000000000000000000000000000000000
00100000100010000010001000001000100000100010000010001000001000100000100010000010
00000000100000000010000000001000000000100000000010000000001000000000100000000010
00100000000010000000001000000000100000000010000000001000000000100000000010000000
00000000000000000000000000000000000000000000000000000000000000000000000000000000
00000000000000000000000000000000000000000000000000000000000000000000000000000000
00000100000000010000000001000000000100000000010000000001000000000100000000010000
00000000000000000000000000000000000000000000000000000000000000000000000000000000
00000000000000000000000000000000000000000000000000000000000000000000000000000000
00000000000000000000000000000000000000000000000000000000000000000000000000000000
00000000000000000000000000000000000000000000000000000000000000000000000000000000
00100000100010000010001000001000100000100010000010001000001000100000100010000010
00000000100000000010000000001000000000100000000010000000001000000000100000000010
00100000000010000000001000000000100000000010000000001000000000100000000010000000
00000000000000000000000000000000000000000000000000000000000000000000000000000000
00000000000000000000000000000000000000000000000000000000000000000000000000000000
00000100000000010000000001000000000100000000010000000001000000000100000000010000
00000000000000000000000000000000000000000000000000000000000000000000000000000000
00000000000000000000000000000000000000000000000000000000000000000000000000000000
00000000000000000000000000000000000000000000000000000000000000000000000000000000
00000000000000000000000000000000000000000000000000000000000000000000000000000000
00100000100010000010001000001000100000100010000010001000001000100000100010000010
00000000100000000010000000001000000000100000000010000000001000000000100000000010
00100000000010000000001000000000100000000010000000001000000000100000000010000000
00000000000000000000000000000000000000000000000000000000000000000000000000000000
00000000000000000000000000000000000000000000000000000000000000000000000000000000
00000100000000010000000001000000000100000000010000000001000000000100000000010000
00000000000000000000000000000000000000000000000000000000000000000000000000000000
00000000000000000000000000000000000000000000000000000000000000000000000000000000
00000000000000000000000000000000000000000000000000000000000000000000000000000000
00000000000000000000000000000000000000000000000000000000000000000000000000000000
00100000100010000010001000001000100000100010000010001000001000100000100010000010
00000000100000000010000000001000000000100000000010000000001000000000100000000010
00100000000010000000001000000000100000000010000000001000000000100000000010000000
00000000000000000000000000000000000000000000000000000000000000000000000000000000
00000000000000000000000000000000000000000000000000000000000000000000000000000000
00000100000000010000000001000000000100000000010000000001000000000100000000010000
00000000000000000000000000000000000000000000000000000000000000000000000000000000
00000000000000000000000000000000000000000000000000000000000000000000000000000000
00000000000000000000000000000000000000000000000000000000000000000000000000000000
00000000000000000000000000000000000000000000000000000000000000000000000000000000
00100000100010000010001000001000100000100010000010001000001000100000100010000010
00000000100000000010000000001000000000100000000010000000001000000000100000000010
00100000000010000000001000000000100000000010000000001000000000100000000010000000
00000000000000000000000000000000000000000000000000000000000000000000000000000000
00000000000000000000000000000000000000000000000000000000000000000000000000000000
00000100000000010000000001000000000100000000010000000001000000000100000000010000
00000000000000000000000000000000000000000000000000000000000000000000000000000000
00000000000000000000000000000000000000000000000000000000000000000000000000000000
00000000000000000000000000000000000000000000000000000000000000000000000000000000
00000000000000000000000000000000000000000000000000000000000000000000000000000000
00100000100010000010001000001000100000100010000010001000001000100000100010000010
00000000100000000010000000001000000000100000000010000000001000000000100000000010
