-121 
122 
154 
154 
170 
170 
170 
170 
170 
203 
203 
203 
203 
203 
203 
203 
203 
203 
203 
203 
203 
203 
203 
246 
246 
246 
246 
246 
246 
246 
246 
246 
246 
246 
246 
246 
246 
246 
366 
455 
455 
513 
661 
768 
825 
825 
825 
825 
825 
825 
825 
825 
825 
825 
825 
825 
825 
825 
825 
825 
825 
825 
825 
825 
825 
825 
825 
825 
825 
825 
825 
825 
825 
825 
825 
825 
825 
825 
825 
825 
825 
825 
825 
825 
825 
825 
825 
825 
825 
825 
825 
825 
825 
825 
825 
825 
825 
825 
825 
825 
825 
825 
825 
825 
825 
825 
825 
825 
825 
825 
825 
825 
825 
825 
825 
825 
825 
825 
825 
825 
825 
825 
825 
825 
825 
825 
825 
825 
825 
825 
825 
825 
825 
825 
825 
825 
825 
825 
825 
825 
825 
825 
825 
825 
825 
825 
825 
825 
825 
825 
825 
825 
825 
825 
825 
825 
825 
825 
825 
825 
825 
825 
825 
825 
825 
825 
825 
825 
825 
825 
825 
825 
825 
825 
825 
825 
825 
825 
825 
825 
825 
825 
825 
825 
825 
825 
825 
825 
825 
825 
825 
825 
825 
825 
825 
825 
825 
825 
825 
825 
825 
825 
825 
825 
825 
825 
825 
825 
825 
825 
825 
825 
825 
825 
825 
825 
825 
825 
825 
825 
825 
825 
825 
825 
825 
825 
825 
825 
825 
825 
825 
825 
825 
825 
825 
825 
825 
825 
825 
825 
825 
825 
825 
825 
825 
825 
825 
825 
825 
825 
825 
825 
825 
825 
825 
825 
825 
825 
825 
825 
825 
825 
825 
825 
825 
825 
825 
825 
825 
825 
825 
825 
825 
825 
825 
825 
825 
825 
825 
825 
825 
825 
825 
825 
825 
825 
825 
825 
825 
825 
825 
825 
825 
825 
825 
825 
825 
825 
825 
825 
