-60 
-26 
90 
90 
90 
90 
178 
178 
178 
178 
178 
178 
178 
194 
322 
362 
362 
362 
362 
362 
362 
362 
362 
362 
362 
362 
362 
362 
362 
362 
-26 
90 
90 
90 
90 
178 
178 
178 
178 
178 
178 
178 
194 
322 
362 
362 
362 
362 
362 
362 
362 
362 
362 
362 
362 
362 
362 
362 
362 
90 
90 
90 
90 
178 
178 
178 
178 
178 
178 
178 
194 
322 
362 
362 
362 
362 
362 
362 
362 
362 
362 
362 
362 
362 
362 
362 
362 
-29 
-17 
35 
134 
134 
134 
134 
134 
134 
134 
194 
322 
362 
362 
362 
362 
362 
362 
362 
362 
362 
362 
362 
362 
362 
362 
362 
-17 
35 
134 
134 
134 
134 
134 
134 
134 
194 
322 
362 
362 
362 
362 
362 
362 
362 
362 
362 
362 
362 
362 
362 
362 
362 
35 
134 
134 
134 
134 
134 
134 
134 
194 
322 
362 
362 
362 
362 
362 
362 
362 
362 
362 
362 
362 
362 
362 
362 
362 
99 
99 
99 
99 
99 
99 
99 
194 
322 
362 
362 
362 
362 
362 
362 
362 
362 
362 
362 
362 
362 
362 
362 
362 
-5 
-5 
-5 
-5 
25 
53 
194 
322 
362 
362 
362 
362 
362 
362 
362 
362 
362 
362 
362 
362 
362 
362 
362 
-61 
-61 
-17 
25 
53 
194 
322 
362 
362 
362 
362 
362 
362 
362 
362 
362 
362 
362 
362 
362 
362 
362 
-133 
-17 
25 
53 
194 
322 
362 
362 
362 
362 
362 
362 
362 
362 
362 
362 
362 
362 
362 
362 
362 
-17 
25 
53 
194 
322 
362 
362 
362 
362 
362 
362 
362 
362 
362 
362 
362 
362 
362 
362 
362 
25 
53 
194 
322 
362 
362 
362 
362 
362 
362 
362 
362 
362 
362 
362 
362 
362 
362 
362 
28 
169 
297 
337 
337 
337 
337 
337 
337 
337 
337 
337 
337 
337 
337 
337 
337 
337 
141 
269 
309 
309 
309 
309 
309 
309 
309 
309 
309 
309 
309 
309 
309 
309 
309 
128 
168 
168 
168 
168 
168 
168 
168 
168 
168 
168 
168 
168 
168 
168 
168 
40 
40 
40 
74 
74 
86 
102 
102 
102 
102 
102 
134 
134 
134 
134 
-128 
-32 
74 
74 
86 
102 
102 
102 
102 
102 
134 
134 
134 
134 
-32 
74 
74 
86 
102 
102 
102 
102 
102 
134 
134 
134 
134 
74 
74 
86 
102 
102 
102 
102 
102 
134 
134 
134 
134 
-138 
86 
102 
102 
102 
102 
102 
134 
134 
134 
134 
86 
102 
102 
102 
102 
102 
134 
134 
134 
134 
16 
16 
32 
32 
32 
92 
92 
92 
92 
-53 
32 
32 
32 
92 
92 
92 
92 
32 
32 
32 
92 
92 
92 
92 
-39 
5 
92 
92 
92 
92 
5 
92 
92 
92 
92 
87 
87 
87 
87 
-68 
19 
58 
19 
58 
39 
